2.63   -8.97   2.40   0.16   0.00   -0.06   36.89   4.15
2.61   -9.30   2.58   0.22   -0.15   -0.07   36.97   4.15
2.71   -9.35   2.51   0.22   -0.19   -0.06   36.89   4.16
2.53   -9.22   2.77   0.22   -0.21   -0.09   36.93   4.16
2.82   -8.98   2.77   0.19   -0.23   -0.09   36.89   4.15
2.65   -9.20   2.50   0.20   -0.19   -0.09   36.93   4.16
2.71   -9.24   2.94   0.21   -0.16   -0.07   36.97   4.16
2.60   -9.26   3.15   0.05   -0.15   -0.11   36.95   4.13
2.82   -9.08   2.85   0.03   -0.10   -0.13   36.93   4.14
2.60   -9.26   2.60   0.05   -0.09   -0.11   36.95   4.15
2.99   -9.20   2.77   0.02   -0.15   -0.07   36.93   4.16
2.88   -9.25   2.93   -0.11   -0.29   -0.08   36.97   4.14
2.64   -9.10   2.75   -0.24   -0.32   -0.11   37.01   4.14
2.81   -9.08   1.92   -0.22   -0.22   -0.08   37.05   4.15
2.83   -8.86   1.82   -0.32   0.02   -0.01   37.03   4.16
2.56   -9.58   1.42   -0.23   0.40   0.01   37.01   4.13

7.84   -3.50   5.12   -0.04   -0.02   -0.27   37.93   4.12
8.41   -2.76   4.53   0.22   0.25   -0.31   37.95   4.11
7.81   -3.39   6.08   0.16   -0.30   -0.01   37.95   4.11
6.93   -3.36   4.38   -0.02   0.33   0.36   37.99   4.13
8.43   -3.18   4.58   -0.23   -0.02   0.03   37.93   4.12
7.91   -3.67   5.27   -0.07   -0.70   -0.10   37.93   4.13
7.89   -2.84   5.16   0.10   -0.09   -0.27   37.95   4.11
8.98   -3.66   4.36   -0.08   0.14   -0.30   38.01   4.13
7.87   -2.94   4.66   0.26   -0.11   -0.11   38.01   4.12
8.20   -4.08   4.52   0.08   -0.14   -0.19   38.03   4.11
8.21   -3.21   5.36   -0.05   0.11   0.06   37.99   4.13
8.24   -3.34   4.37   -0.00   0.49   0.29   38.01   4.13
7.43   -3.15   5.38   -0.13   -0.18   0.06   37.95   4.13
7.34   -3.29   5.75   0.23   -0.17   -0.15   37.93   4.13
7.93   -3.72   5.89   -0.03   -0.10   -0.43   37.93   4.12
8.75   -3.86   4.75   -0.00   -0.12   -0.08   37.95   4.11

